R 1 1822 0.009849583 8
C 0 228 0.000054583 0.004162500 1175275
C 228 456 0.000069958 0.004154500 1064598
C 456 684 0.000070208 0.009807875 3496478
C 684 912 0.000066250 0.003632167 751169
C 912 1140 0.000090708 0.002361292 273062
C 1140 1368 0.000107542 0.001961167 148528
C 1368 1595 0.000109292 0.001787875 94683
C 1595 1822 0.000152458 0.001682792 75183
S 480 244 5 2279 0.000582458 1581 1 1 3219 5
R 2 955 0.002331833 8
C 0 120 0.000046375 0.001174458 397308
C 120 240 0.000063708 0.002286292 862816
C 240 360 0.000063750 0.000606208 116489
C 360 479 0.000061250 0.000270167 34697
C 479 598 0.000087833 0.000943500 272039
C 598 717 0.000104292 0.000889000 266267
C 717 836 0.000105250 0.001411625 489304
C 836 955 0.000092000 0.000323167 34067
S 915 499 18 3054 0.000996959 2975 2 2 6026 21
R 3 1711 0.001539042 8
C 0 214 0.000042584 0.001517542 512767
C 214 428 0.000060417 0.000585834 112344
C 428 642 0.000060709 0.000966084 274940
C 642 856 0.000054625 0.000956375 288645
C 856 1070 0.000082292 0.001245750 418734
C 1070 1284 0.000099125 0.001494125 524197
C 1284 1498 0.000099709 0.000445334 70057
C 1498 1711 0.000087667 0.000864625 218682
S 1648 887 37 4467 0.001656250 5614 6 6 11316 35
R 4 3114 0.001714625 8
C 0 390 0.000058041 0.001696250 501175
C 390 780 0.000066916 0.001134500 287842
C 780 1169 0.000067666 0.001112416 294396
C 1169 1558 0.000071041 0.001303125 390788
C 1558 1947 0.000095250 0.001164916 312962
C 1947 2336 0.000111875 0.001208583 347764
C 2336 2725 0.000112458 0.000877333 197607
C 2725 3114 0.000096375 0.000806416 160809
S 2940 1615 94 6892 0.002849000 9655 38 38 19394 37
R 5 5437 0.001638750 8
C 0 680 0.000045166 0.001450750 338751
C 680 1360 0.000057125 0.001548541 373893
C 1360 2040 0.000057833 0.001613125 422479
C 2040 2720 0.000062208 0.000947000 209523
C 2720 3400 0.000083666 0.001504958 403482
C 3400 4079 0.000100250 0.001042333 209671
C 4079 4758 0.000100916 0.000972750 182943
C 4758 5437 0.000085625 0.000880166 167275
S 4997 2717 217 10963 0.004780708 16286 133 133 32669 54
R 6 9262 0.001830042 8
C 0 1158 0.000049042 0.001810625 347909
C 1158 2316 0.000058250 0.001590000 325881
C 2316 3474 0.000058959 0.001488125 276795
C 3474 4632 0.000065750 0.001374000 316586
C 4632 5790 0.000088417 0.001327167 249101
C 5790 6948 0.000102250 0.001384917 320644
C 6948 8105 0.000103459 0.001233500 229857
C 8105 9262 0.000094459 0.001275042 222738
S 8056 4393 386 17452 0.007897625 26184 384 384 52476 63
R 7 14987 0.002277667 8
C 0 1874 0.000045167 0.002263208 359412
C 1874 3748 0.000061917 0.001765292 258860
C 3748 5622 0.000062167 0.001931917 420969
C 5622 7495 0.000056042 0.001643833 279207
C 7495 9368 0.000084125 0.001536875 262584
C 9368 11241 0.000100708 0.001360792 224207
C 11241 13114 0.000101333 0.001231833 168409
C 13114 14987 0.000088500 0.001294125 193193
S 12089 6503 681 27192 0.011986333 38754 1006 1006 77627 69
R 8 22884 0.002006750 8
C 0 2861 0.000046250 0.001991958 285448
C 2861 5722 0.000063416 0.001912958 269968
C 5722 8583 0.000063500 0.001936708 305557
C 8583 11444 0.000056125 0.001611250 230620
C 11444 14304 0.000082083 0.001848708 276471
C 14304 17164 0.000098708 0.001935958 394479
C 17164 20024 0.000099625 0.001320041 152957
C 20024 22884 0.000085958 0.001445750 158044
S 17301 9262 1113 40984 0.016807584 54884 1908 1908 109873 59
R 9 33030 0.002444167 8
C 0 4129 0.000044750 0.002424417 281127
C 4129 8258 0.000062167 0.002079375 208984
C 8258 12387 0.000062667 0.002257375 315136
C 12387 16516 0.000057125 0.002012542 265360
C 16516 20645 0.000083292 0.002002459 248053
C 20645 24774 0.000098209 0.001877292 194443
C 24774 28902 0.000098875 0.001850459 278482
C 28902 33030 0.000091542 0.001753875 151227
S 23224 12384 1546 59507 0.022583042 73150 3410 3410 146395 64
R 10 44913 0.002550625 8
C 0 5615 0.000043083 0.002536667 260823
C 5615 11229 0.000060500 0.002515208 336588
C 11229 16843 0.000060833 0.002345167 257943
C 16843 22457 0.000048750 0.002224083 285721
C 22457 28071 0.000069458 0.002075583 216389
C 28071 33685 0.000085667 0.002023625 233200
C 33685 39299 0.000086292 0.001755208 132575
C 39299 44913 0.000069667 0.002130708 262079
S 29273 15412 2092 83005 0.028544916 91460 5134 5134 182981 40
R 11 57303 0.002684916 8
C 0 7163 0.000051208 0.002608916 253365
C 7163 14326 0.000068083 0.002665708 297716
C 14326 21489 0.000068166 0.002578958 243035
C 21489 28652 0.000064666 0.002318083 227758
C 28652 35815 0.000090375 0.002287791 213275
C 35815 42978 0.000105875 0.002023291 159616
C 42978 50141 0.000106625 0.001954208 147559
C 50141 57303 0.000089541 0.002453916 294498
S 35323 18466 2633 111418 0.037159125 110234 7306 7306 220514 35
R 12 69879 0.003029125 8
C 0 8735 0.000063458 0.003007000 300456
C 8735 17470 0.000063292 0.002886250 191283
C 17470 26205 0.000070250 0.002735583 203501
C 26205 34940 0.000101542 0.002475250 190283
C 34940 43675 0.000119375 0.002656417 250118
C 43675 52410 0.000136083 0.002390833 226938
C 52410 61145 0.000136917 0.002291667 151765
C 61145 69879 0.000122083 0.002315125 127698
S 40312 20889 3049 144145 0.042954750 126549 9563 9563 253124 21
R 13 81365 0.003084958 8
C 0 10171 0.000049375 0.003065916 187242
C 10171 20342 0.000062291 0.002932791 178691
C 20342 30513 0.000062583 0.003010916 218731
C 30513 40684 0.000050250 0.002678958 182297
C 40684 50855 0.000074875 0.002651333 176413
C 50855 61025 0.000091333 0.002440833 167458
C 61025 71195 0.000092416 0.002226666 123600
C 71195 81365 0.000073166 0.002573833 147108
S 43799 22560 3321 179971 0.046376333 137068 11666 11666 274151 10
R 14 89510 0.003320417 8
C 0 11189 0.000061583 0.003146917 197939
C 11189 22378 0.000061583 0.002881875 133152
C 22378 33567 0.000067417 0.003298250 269002
C 33567 44756 0.000088708 0.003003625 161949
C 44756 55945 0.000088750 0.003040833 184799
C 55945 67134 0.000091333 0.002578500 117386
C 67134 78322 0.000094125 0.002693042 167007
C 78322 89510 0.000096292 0.002552375 115612
S 45306 23137 3455 217394 0.053838000 141748 13363 13363 283501 5
R 15 93887 0.003216500 8
C 0 11736 0.000063167 0.003193625 159844
C 11736 23472 0.000076000 0.003133333 213200
C 23472 35208 0.000076250 0.003041208 189771
C 35208 46944 0.000068208 0.002710083 144694
C 46944 58680 0.000093625 0.002777625 180534
C 58680 70416 0.000158458 0.002449083 103383
C 70416 82152 0.000159208 0.002238333 90988
C 82152 93887 0.000152083 0.002523125 90925
S 44302 22420 3394 254367 0.049198458 139340 14165 14165 278684 3
R 16 93260 0.003138833 8
C 0 11658 0.000051792 0.003117208 164358
C 11658 23316 0.000062833 0.002821292 144441
C 23316 34974 0.000063667 0.002845333 135308
C 34974 46632 0.000066333 0.002524458 121268
C 46632 58289 0.000093458 0.002522208 107013
C 58289 69946 0.000108917 0.002439333 150892
C 69946 81603 0.000109417 0.002147042 72884
C 81603 93260 0.000097500 0.002568500 110789
S 41514 20810 3168 289434 0.049060500 131303 14424 14424 262611 5
R 17 88732 0.002664959 8
C 0 11092 0.000052709 0.002647209 122918
C 11092 22184 0.000069625 0.002621334 101367
C 22184 33276 0.000070000 0.002556584 100933
C 33276 44368 0.000057667 0.002458542 126844
C 44368 55459 0.000079584 0.002424584 140627
C 55459 66550 0.000095917 0.002149834 87452
C 66550 77641 0.000096959 0.001959500 73017
C 77641 88732 0.000077084 0.002263750 87428
S 36897 18403 2819 320783 0.041955250 116258 13562 13562 232518 1
R 18 79861 0.002500541 8
C 0 9983 0.000052333 0.002405291 86583
C 9983 19966 0.000069208 0.002313291 85382
C 19966 29949 0.000070583 0.002334375 78898
C 29949 39932 0.000086666 0.002472291 131805
C 39932 49915 0.000086625 0.002184958 77627
C 49915 59897 0.000088541 0.002132625 77455
C 59897 69879 0.000096541 0.001848083 51867
C 69879 79861 0.000085583 0.002121583 75167
S 31082 15279 2323 347743 0.039372833 99255 12076 12076 198510 0
R 19 68793 0.001908167 8
C 0 8600 0.000032000 0.001850625 106692
C 8600 17199 0.000056584 0.001889209 64105
C 17199 25798 0.000062375 0.001757917 58456
C 25798 34397 0.000084500 0.001813750 64831
C 34397 42996 0.000062500 0.001804500 55832
C 42996 51595 0.000099792 0.001692667 90949
C 51595 60194 0.000100167 0.001436625 41549
C 60194 68793 0.000092375 0.001660417 78508
S 25393 12409 1848 370015 0.030270291 81694 10416 10416 163388 0
R 20 56930 0.001533167 8
C 0 7117 0.000051500 0.001497500 50367
C 7117 14234 0.000070417 0.001480000 49373
C 14234 21350 0.000070500 0.001512458 47549
C 21350 28466 0.000060833 0.001390417 72107
C 28466 35582 0.000083542 0.001302417 53817
C 35582 42698 0.000099917 0.001309042 57140
C 42698 49814 0.000100708 0.001083042 30154
C 49814 56930 0.000085250 0.001407625 42571
S 19662 9570 1417 387365 0.024984958 63157 8394 8394 126314 0
R 21 44385 0.001396375 8
C 0 5549 0.000058333 0.001379083 46043
C 5549 11097 0.000070833 0.001115417 35810
C 11097 16645 0.000071417 0.001083917 28853
C 16645 22193 0.000059500 0.001011417 47786
C 22193 27741 0.000085125 0.000975750 38894
C 27741 33289 0.000101250 0.000939583 41197
C 33289 38837 0.000102042 0.000831292 24633
C 38837 44385 0.000085750 0.001119875 74549
S 14497 7002 1033 400289 0.017773125 47021 6368 6368 94042 0
R 22 33292 0.000912084 8
C 0 4162 0.000052250 0.000904834 30876
C 4162 8324 0.000067500 0.000841667 22396
C 8324 12486 0.000067917 0.000885875 37132
C 12486 16648 0.000057334 0.000746792 36651
C 16648 20809 0.000082792 0.000817542 62323
C 20809 24970 0.000099084 0.000673375 26834
C 24970 29131 0.000099625 0.000680167 19962
C 29131 33292 0.000093834 0.000813459 37941
S 10461 5035 686 409769 0.013070375 34540 4816 4816 69080 0
R 23 24437 0.000907958 8
C 0 3055 0.000058916 0.000888041 21598
C 3055 6110 0.000074875 0.000671375 17928
C 6110 9165 0.000074958 0.000698208 27371
C 9165 12220 0.000071416 0.000553125 20700
C 12220 15275 0.000094833 0.000600041 26982
C 15275 18329 0.000110958 0.000551208 19911
C 18329 21383 0.000111416 0.000564125 19010
C 21383 24437 0.000095958 0.000724666 60674
S 7146 3396 472 416325 0.009371500 23876 3263 3263 47752 0
R 24 17063 0.000704125 8
C 0 2133 0.000045125 0.000687750 31528
C 2133 4266 0.000061084 0.000457584 12456
C 4266 6399 0.000061375 0.000475667 17392
C 6399 8532 0.000056167 0.000400917 14340
C 8532 10665 0.000084875 0.000447709 21869
C 10665 12798 0.000101042 0.000403709 14997
C 12798 14931 0.000101959 0.000380084 10714
C 14931 17063 0.000087500 0.000500917 31359
S 4712 2216 289 420739 0.006110250 16033 2144 2144 32066 0
R 25 11418 0.000416791 8
C 0 1428 0.000042791 0.000366458 15562
C 1428 2856 0.000059125 0.000349041 9977
C 2856 4283 0.000059416 0.000336416 10647
C 4283 5710 0.000053041 0.000330708 23812
C 5710 7137 0.000080583 0.000388666 24513
C 7137 8564 0.000097375 0.000303708 5916
C 8564 9991 0.000097958 0.000316125 11342
C 9991 11418 0.000081750 0.000345791 9756
S 3036 1437 169 423599 0.004259709 10322 1392 1392 20644 0
R 26 7397 0.000305958 8
C 0 925 0.000034708 0.000233292 4826
C 925 1850 0.000054625 0.000231583 9847
C 1850 2775 0.000069833 0.000231583 6382
C 2775 3700 0.000070542 0.000262167 16737
C 3700 4625 0.000086208 0.000281167 12803
C 4625 5549 0.000103458 0.000257250 9414
C 5549 6473 0.000104750 0.000241875 5226
C 6473 7397 0.000094917 0.000252708 5640
S 1806 822 83 425401 0.002556625 6580 840 840 13160 0
R 27 4656 0.000251916 8
C 0 582 0.000023583 0.000157708 4453
C 582 1164 0.000048916 0.000220833 35088
C 1164 1746 0.000066166 0.000181333 9856
C 1746 2328 0.000066708 0.000162458 3783
C 2328 2910 0.000072458 0.000174500 4546
C 2910 3492 0.000087333 0.000172583 3010
C 3492 4074 0.000088708 0.000166333 2504
C 4074 4656 0.000079791 0.000223166 19307
S 1154 522 71 426523 0.001562916 4165 478 478 8330 0
R 28 2960 0.000175875 8
C 0 370 0.000023833 0.000117625 3307
C 370 740 0.000046292 0.000136042 7405
C 740 1110 0.000063958 0.000122167 1856
C 1110 1480 0.000064375 0.000130417 2844
C 1480 1850 0.000069792 0.000149500 4392
C 1850 2220 0.000077042 0.000128292 1475
C 2220 2590 0.000078542 0.000138542 2744
C 2590 2960 0.000069500 0.000139417 3139
S 746 332 38 427275 0.001132458 2679 338 338 5358 0
R 29 1926 0.000160167 8
C 0 241 0.000014458 0.000126167 1487
C 241 482 0.000044458 0.000111250 6190
C 482 723 0.000044542 0.000086250 1141
C 723 964 0.000043500 0.000091292 2106
C 964 1205 0.000066792 0.000109375 1694
C 1205 1446 0.000083792 0.000120042 1068
C 1446 1686 0.000083792 0.000120917 963
C 1686 1926 0.000067375 0.000120958 2687
S 422 187 23 427699 0.000688750 1546 149 149 3092 0
R 30 1103 0.000144583 8
C 0 138 0.000028458 0.000126791 22472
C 138 276 0.000051291 0.000114750 16385
C 276 414 0.000068958 0.000098333 2069
C 414 552 0.000069375 0.000097875 1914
C 552 690 0.000075166 0.000109666 1701
C 690 828 0.000083958 0.000104666 627
C 828 966 0.000084708 0.000103208 371
C 966 1103 0.000076291 0.000098833 839
S 217 93 16 427915 0.000342666 793 110 110 1586 0
R 31 570 0.000166875 8
C 0 72 0.000039709 0.000071334 4026
C 72 144 0.000086209 0.000104375 836
C 144 215 0.000090625 0.000116125 2411
C 215 286 0.000107375 0.000121125 459
C 286 357 0.000108042 0.000119917 291
C 357 428 0.000118084 0.000132834 504
C 428 499 0.000122000 0.000134334 671
C 499 570 0.000118667 0.000133500 383
S 124 58 5 428037 0.000182292 465 47 47 930 0
R 32 317 0.000122875 8
C 0 40 0.000025208 0.000036042 728
C 40 80 0.000046667 0.000061417 411
C 80 120 0.000049333 0.000089833 15483
C 120 160 0.000064500 0.000074625 387
C 160 200 0.000071083 0.000080667 278
C 200 239 0.000065625 0.000090917 4440
C 239 278 0.000078625 0.000084583 130
C 278 317 0.000079500 0.000089042 283
S 72 35 5 428101 0.000143417 274 20 20 548 0
R 33 188 0.000152458 8
C 0 24 0.000041083 0.000079708 7025
C 24 48 0.000059875 0.000075208 2046
C 48 72 0.000061291 0.000097333 12304
C 72 96 0.000052750 0.000063208 693
C 96 119 0.000075291 0.000101083 4344
C 119 142 0.000077500 0.000126166 16024
C 142 165 0.000088916 0.000098083 577
C 165 188 0.000077958 0.000082500 31
S 44 19 3 428145 0.000079000 176 16 16 352 0
R 34 119 0.000123792 8
C 0 15 0.000026209 0.000032375 285
C 15 30 0.000046625 0.000056000 1296
C 30 45 0.000047459 0.000050417 51
C 45 60 0.000065084 0.000068459 117
C 60 75 0.000065750 0.000068542 62
C 75 90 0.000067459 0.000070750 412
C 90 105 0.000081875 0.000085167 68
C 105 119 0.000093875 0.000096875 26
S 26 13 2 428167 0.000049750 79 7 7 158 0
R 35 59 0.000115333 8
C 0 8 0.000027833 0.000031042 37
C 8 16 0.000044292 0.000046542 17
C 16 24 0.000051500 0.000053125 19
C 24 31 0.000058042 0.000059500 21
C 31 38 0.000064875 0.000066292 32
C 38 45 0.000068250 0.000069708 20
C 45 52 0.000073250 0.000074750 25
C 52 59 0.000089792 0.000091333 2
S 15 5 1 428185 0.000042084 70 6 6 140 0
R 36 47 0.000123416 8
C 0 6 0.000033000 0.000035666 26
C 6 12 0.000054458 0.000055791 11
C 12 18 0.000051500 0.000052875 15
C 18 24 0.000065958 0.000067125 6
C 24 30 0.000067916 0.000069791 61
C 30 36 0.000069625 0.000070625 6
C 36 42 0.000081000 0.000082416 13
C 42 47 0.000094291 0.000095750 40
S 19 12 1 428197 0.000047500 57 2 2 114 0
R 37 38 0.000127625 8
C 0 5 0.000045959 0.000047167 13
C 5 10 0.000058667 0.000061834 37
C 10 15 0.000062209 0.000063375 11
C 15 20 0.000058500 0.000061834 21
C 20 25 0.000062334 0.000064042 20
C 25 30 0.000075959 0.000078209 65
C 30 34 0.000089459 0.000090042 13
C 34 38 0.000103542 0.000104167 3
S 13 6 1 428209 0.000032917 44 6 6 88 0
R 38 32 0.000104083 8
C 0 4 0.000041916 0.000043083 15
C 4 8 0.000054458 0.000055958 7
C 8 12 0.000059208 0.000060541 14
C 12 16 0.000050875 0.000052750 33
C 16 20 0.000067791 0.000069125 8
C 20 24 0.000059750 0.000060708 4
C 24 28 0.000070958 0.000072500 2
C 28 32 0.000079083 0.000080083 12
S 4 2 0 428213 0.000019667 10 1 1 20 0
R 39 9 0.000112167 8
C 0 2 0.000038500 0.000039000 0
C 2 3 0.000055125 0.000056750 3
C 3 4 0.000055500 0.000056625 0
C 4 5 0.000050792 0.000051917 1
C 5 6 0.000056708 0.000057208 0
C 6 7 0.000060292 0.000060667 0
C 7 8 0.000072458 0.000073792 3
C 8 9 0.000079542 0.000080833 0
S 1 0 0 428215 0.000017416 7 1 1 14 0
R 40 5 0.000066333 5
C 0 1 0.000037291 0.000038333 0
C 1 2 0.000049833 0.000050875 2
C 2 3 0.000050375 0.000051416 2
C 3 4 0.000042500 0.000044125 7
C 4 5 0.000042250 0.000042791 0
S 1 0 0 428217 0.000019750 9 1 1 18 0
R 41 6 0.000102500 6
C 0 1 0.000042917 0.000043500 4
C 1 2 0.000054167 0.000054459 3
C 2 3 0.000055459 0.000056000 0
C 3 4 0.000056334 0.000056875 1
C 4 5 0.000060667 0.000061875 2
C 5 6 0.000069125 0.000070334 3
S 0 0 0 428217 0.000007041 0 0 0 0 0
