R 1 1822 0.021533708 1
C 0 1822 0.000000041 0.021532750 7078976
S 480 244 5 2279 0.000575666 1581 1 1 3219 5
R 2 955 0.006429084 1
C 0 955 0.000000042 0.006428625 2472987
S 915 499 18 3054 0.000914667 2975 2 2 6026 21
R 3 1711 0.006707333 1
C 0 1711 0.000000083 0.006707291 2420366
S 1648 887 37 4467 0.001600583 5614 6 6 11316 35
R 4 3114 0.007820459 1
C 0 3114 0.000000000 0.007820000 2493343
S 2940 1615 94 6892 0.002704084 9655 38 38 19394 37
R 5 5437 0.008338833 1
C 0 5437 0.000002791 0.008338416 2308017
S 4997 2717 217 10963 0.004641833 16286 133 133 32669 54
R 6 9262 0.009541459 1
C 0 9262 0.000000042 0.009540875 2289511
S 8056 4393 386 17452 0.007533250 26184 384 384 52476 63
R 7 14987 0.010777292 1
C 0 14987 0.000000042 0.010777000 2166841
S 12089 6503 681 27192 0.011260041 38754 1006 1006 77627 69
R 8 22884 0.012428500 1
C 0 22884 0.000000042 0.012428042 2073544
S 17301 9262 1113 40984 0.015795417 54884 1908 1908 109873 59
R 9 33030 0.013978584 1
C 0 33030 0.000000042 0.013977709 1942812
S 23224 12384 1546 59507 0.021025500 73150 3410 3410 146395 64
R 10 44913 0.016065000 1
C 0 44913 0.000000042 0.016064334 1985318
S 29273 15412 2092 83005 0.027486625 91460 5134 5134 182981 40
R 11 57303 0.018381500 1
C 0 57303 0.000000125 0.018380291 1836822
S 35323 18466 2633 111418 0.034630292 110234 7306 7306 220514 35
R 12 69879 0.019041833 1
C 0 69879 0.000000083 0.019041041 1642042
S 40312 20889 3049 144145 0.040227375 126549 9563 9563 253124 21
R 13 81365 0.019737000 1
C 0 81365 0.000000041 0.019735541 1381540
S 43799 22560 3321 179971 0.044343667 137068 11666 11666 274151 10
R 14 89510 0.020168708 1
C 0 89510 0.000000166 0.020167791 1346846
S 45306 23137 3455 217394 0.047998709 141748 13363 13363 283501 5
R 15 93887 0.019721750 1
C 0 93887 0.000000292 0.019720708 1173339
S 44302 22420 3394 254367 0.046133375 139340 14165 14165 278684 3
R 16 93260 0.019054209 1
C 0 93260 0.000000000 0.019052750 1006953
S 41514 20810 3168 289434 0.047140375 131303 14424 14424 262611 5
R 17 88732 0.017500292 1
C 0 88732 0.000000000 0.017498750 840586
S 36897 18403 2819 320783 0.039067625 116258 13562 13562 232518 1
R 18 79861 0.016075708 1
C 0 79861 0.000000083 0.016074250 664784
S 31082 15279 2323 347743 0.037353250 99255 12076 12076 198510 0
R 19 68793 0.012689750 1
C 0 68793 0.000000125 0.012688542 560922
S 25393 12409 1848 370015 0.027959583 81694 10416 10416 163388 0
R 20 56930 0.009510875 1
C 0 56930 0.000000000 0.009509792 403078
S 19662 9570 1417 387365 0.023392542 63157 8394 8394 126314 0
R 21 44385 0.007493208 1
C 0 44385 0.000000125 0.007489875 337765
S 14497 7002 1033 400289 0.016131000 47021 6368 6368 94042 0
R 22 33292 0.005415125 1
C 0 33292 0.000000125 0.005415000 274115
S 10461 5035 686 409769 0.011748792 34540 4816 4816 69080 0
R 23 24437 0.003930792 1
C 0 24437 0.000000042 0.003930292 214174
S 7146 3396 472 416325 0.008108750 23876 3263 3263 47752 0
R 24 17063 0.002708250 1
C 0 17063 0.000000042 0.002707709 154655
S 4712 2216 289 420739 0.005369208 16033 2144 2144 32066 0
R 25 11418 0.001879667 1
C 0 11418 0.000000125 0.001876833 111525
S 3036 1437 169 423599 0.003405458 10322 1392 1392 20644 0
R 26 7397 0.001164459 1
C 0 7397 0.000000000 0.001164167 70875
S 1806 822 83 425401 0.002147625 6580 840 840 13160 0
R 27 4656 0.000811000 1
C 0 4656 0.000000000 0.000810958 82547
S 1154 522 71 426523 0.001320666 4165 478 478 8330 0
R 28 2960 0.000484709 1
C 0 2960 0.000000042 0.000484667 27162
S 746 332 38 427275 0.000878625 2679 338 338 5358 0
R 29 1926 0.000297833 1
C 0 1926 0.000000042 0.000297667 17336
S 422 187 23 427699 0.000492584 1546 149 149 3092 0
R 30 1103 0.000263000 1
C 0 1103 0.000000000 0.000262959 46378
S 217 93 16 427915 0.000264875 793 110 110 1586 0
R 31 570 0.000113209 1
C 0 570 0.000000000 0.000113084 9581
S 124 58 5 428037 0.000162625 465 47 47 930 0
R 32 317 0.000101500 1
C 0 317 0.000000000 0.000101458 22140
S 72 35 5 428101 0.000097459 274 20 20 548 0
R 33 188 0.000140791 1
C 0 188 0.000000083 0.000140750 43044
S 44 19 3 428145 0.000068375 176 16 16 352 0
R 34 119 0.000022333 1
C 0 119 0.000000041 0.000022291 2317
S 26 13 2 428167 0.000037042 79 7 7 158 0
R 35 59 0.000006916 1
C 0 59 0.000000041 0.000006833 173
S 15 5 1 428185 0.000039458 70 6 6 140 0
R 36 47 0.000006500 1
C 0 47 0.000000041 0.000006416 178
S 19 12 1 428197 0.000029958 57 2 2 114 0
R 37 38 0.000006000 1
C 0 38 0.000000042 0.000005959 183
S 13 6 1 428209 0.000027167 44 6 6 88 0
R 38 32 0.000003792 1
C 0 32 0.000000000 0.000003750 95
S 4 2 0 428213 0.000022083 10 1 1 20 0
R 39 9 0.000000834 1
C 0 9 0.000000042 0.000000750 7
S 1 0 0 428215 0.000016834 7 1 1 14 0
R 40 5 0.000000708 1
C 0 5 0.000000000 0.000000667 11
S 1 0 0 428217 0.000017042 9 1 1 18 0
R 41 6 0.000000833 1
C 0 6 0.000000000 0.000000750 13
S 0 0 0 428217 0.000006792 0 0 0 0 0
